64	56	48	40	32	24	16	8	
56	49	42	35	28	21	14	7	
48	42	36	30	24	18	12	6	
40	35	30	25	20	15	10	5	
32	28	24	20	16	12	8	4	
24	21	18	15	12	9	6	3	
16	14	12	10	8	6	4	2	
8	7	6	5	4	3	2	1	
